  0.0000000e+000  5.5000000e-011
  1.0000000e-002  9.2670000e-009
  2.0000000e-002  1.6007000e-008
  3.0000000e-002  2.0717000e-008
  4.0000000e-002  2.4139000e-008
  5.0000000e-002  2.6455000e-008
  6.0000000e-002  2.8070000e-008
  7.0000000e-002  2.9195000e-008
  8.0000000e-002  2.9976000e-008
  9.0000000e-002  3.0524000e-008
  1.0000000e-001  3.0910000e-008
  1.1000000e-001  3.1184000e-008
  1.2000000e-001  3.1380000e-008
  1.3000000e-001  3.1519000e-008
  1.4000000e-001  3.1621000e-008
  1.5000000e-001  3.1694000e-008
  1.6000000e-001  3.1755000e-008
  1.7000000e-001  3.1793000e-008
  1.8000000e-001  3.1830000e-008
  1.9000000e-001  3.1867000e-008
  2.0000000e-001  3.1890000e-008
  2.1000000e-001  3.1905000e-008
  2.2000000e-001  3.1925000e-008
  2.3000000e-001  3.1940000e-008
  2.4000000e-001  3.1953000e-008
  2.5000000e-001  3.1965000e-008
  2.6000000e-001  3.1983000e-008
  2.7000000e-001  3.1995000e-008
  2.8000000e-001  3.2015000e-008
  2.9000000e-001  3.2027000e-008
  3.0000000e-001  3.2050000e-008
  3.1000000e-001  3.2060000e-008
  3.2000000e-001  3.2080000e-008
  3.3000000e-001  3.2095000e-008
  3.4000000e-001  3.2111000e-008
  3.5000000e-001  3.2121000e-008
  3.6000000e-001  3.2135000e-008
  3.7000000e-001  3.2155000e-008
  3.8000000e-001  3.2174000e-008
  3.9000000e-001  3.2182000e-008
  4.0000000e-001  3.2206000e-008
  4.1000000e-001  3.2221000e-008
  4.2000000e-001  3.2236000e-008
  4.3000000e-001  3.2252000e-008
  4.4000000e-001  3.2268000e-008
  4.5000000e-001  3.2283000e-008
  4.6000000e-001  3.2300000e-008
  4.7000000e-001  3.2315000e-008
  4.8000000e-001  3.2326000e-008
  4.9000000e-001  3.2344000e-008
  5.0000000e-001  3.2354000e-008
  5.1000000e-001  3.2370000e-008
  5.2000000e-001  3.2384000e-008
  5.3000000e-001  3.2396000e-008
  5.4000000e-001  3.2413000e-008
  5.5000000e-001  3.2426000e-008
  5.6000000e-001  3.2445000e-008
  5.7000000e-001  3.2455000e-008
  5.8000000e-001  3.2471000e-008
  5.9000000e-001  3.2487000e-008
  6.0000000e-001  3.2502000e-008
  6.1000000e-001  3.2514000e-008
  6.2000000e-001  3.2527000e-008
  6.3000000e-001  3.2539000e-008
  6.4000000e-001  3.2554000e-008
  6.5000000e-001  3.2571000e-008
  6.6000000e-001  3.2580000e-008
  6.7000000e-001  3.2597000e-008
  6.8000000e-001  3.2611000e-008
  6.9000000e-001  3.2625000e-008
  7.0000000e-001  3.2635000e-008
  7.1000000e-001  3.2650000e-008
  7.2000000e-001  3.2658000e-008
  7.3000000e-001  3.2665000e-008
  7.4000000e-001  3.2682000e-008
  7.5000000e-001  3.2692000e-008
  7.6000000e-001  3.2703000e-008
  7.7000000e-001  3.2720000e-008
  7.8000000e-001  3.2734000e-008
  7.9000000e-001  3.2742000e-008
  8.0000000e-001  3.2756000e-008
  8.1000000e-001  3.2773000e-008
  8.2000000e-001  3.2784000e-008
  8.3000000e-001  3.2800000e-008
  8.4000000e-001  3.2805000e-008
  8.5000000e-001  3.2820000e-008
  8.6000000e-001  3.2829000e-008
  8.7000000e-001  3.2842000e-008
  8.8000000e-001  3.2856000e-008
  8.9000000e-001  3.2866000e-008
  9.0000000e-001  3.2876000e-008
  9.1000000e-001  3.2891000e-008
  9.2000000e-001  3.2897000e-008
  9.3000000e-001  3.2913000e-008
  9.4000000e-001  3.2919000e-008
  9.5000000e-001  3.2931000e-008
  9.6000000e-001  3.2947000e-008
  9.7000000e-001  3.2956000e-008
  9.8000000e-001  3.2967000e-008
  9.9000000e-001  3.2976000e-008
  1.0000000e+000  3.2990000e-008
  1.0100000e+000  3.3001000e-008
  1.0200000e+000  3.3015000e-008
  1.0300000e+000  3.3026000e-008
  1.0400000e+000  3.3039000e-008
  1.0500000e+000  3.3046000e-008
  1.0600000e+000  3.3057000e-008
  1.0700000e+000  3.3070000e-008
  1.0800000e+000  3.3083000e-008
  1.0900000e+000  3.3091000e-008
  1.1000000e+000  3.3101000e-008
  1.1100000e+000  3.3111000e-008
  1.1200000e+000  3.3118000e-008
  1.1300000e+000  3.3133000e-008
  1.1400000e+000  3.3147000e-008
  1.1500000e+000  3.3155000e-008
  1.1600000e+000  3.3165000e-008
  1.1700000e+000  3.3178000e-008
  1.1800000e+000  3.3184000e-008
  1.1900000e+000  3.3195000e-008
  1.2000000e+000  3.3206000e-008
  1.2100000e+000  3.3215000e-008
  1.2200000e+000  3.3223000e-008
  1.2300000e+000  3.3236000e-008
  1.2400000e+000  3.3247000e-008
  1.2500000e+000  3.3255000e-008
  1.2600000e+000  3.3265000e-008
  1.2700000e+000  3.3275000e-008
  1.2800000e+000  3.3287000e-008
  1.2900000e+000  3.3300000e-008
  1.3000000e+000  3.3302000e-008
  1.3100000e+000  3.3311000e-008
  1.3200000e+000  3.3321000e-008
  1.3300000e+000  3.3332000e-008
  1.3400000e+000  3.3339000e-008
  1.3500000e+000  3.3343000e-008
  1.3600000e+000  3.3359000e-008
  1.3700000e+000  3.3369000e-008
  1.3800000e+000  3.3374000e-008
  1.3900000e+000  3.3387000e-008
  1.4000000e+000  3.3403000e-008
  1.4100000e+000  3.3412000e-008
  1.4200000e+000  3.3418000e-008
  1.4300000e+000  3.3427000e-008
  1.4400000e+000  3.3434000e-008
  1.4500000e+000  3.3448000e-008
  1.4600000e+000  3.3455000e-008
  1.4700000e+000  3.3460000e-008
  1.4800000e+000  3.3470000e-008
  1.4900000e+000  3.3482000e-008
  1.5000000e+000  3.3490000e-008
  1.5100000e+000  3.3491000e-008
  1.5200000e+000  3.3505000e-008
  1.5300000e+000  3.3512000e-008
  1.5400000e+000  3.3530000e-008
  1.5500000e+000  3.3539000e-008
  1.5600000e+000  3.3546000e-008
  1.5700000e+000  3.3562000e-008
  1.5800000e+000  3.3566000e-008
  1.5900000e+000  3.3578000e-008
  1.6000000e+000  3.3583000e-008
  1.6100000e+000  3.3594000e-008
  1.6200000e+000  3.3601000e-008
  1.6300000e+000  3.3614000e-008
  1.6400000e+000  3.3619000e-008
  1.6500000e+000  3.3629000e-008
  1.6600000e+000  3.3635000e-008
  1.6700000e+000  3.3647000e-008
  1.6800000e+000  3.3648000e-008
  1.6900000e+000  3.3663000e-008
  1.7000000e+000  3.3670000e-008
  1.7100000e+000  3.3679000e-008
  1.7200000e+000  3.3688000e-008
  1.7300000e+000  3.3691000e-008
  1.7400000e+000  3.3698000e-008
  1.7500000e+000  3.3708000e-008
  1.7600000e+000  3.3716000e-008
  1.7700000e+000  3.3717000e-008
  1.7800000e+000  3.3719000e-008
  1.7900000e+000  3.3724000e-008
  1.8000000e+000  3.3737000e-008
  1.8100000e+000  3.3741000e-008
  1.8200000e+000  3.3754000e-008
  1.8300000e+000  3.3766000e-008
  1.8400000e+000  3.3772000e-008
  1.8500000e+000  3.3786000e-008
  1.8600000e+000  3.3791000e-008
  1.8700000e+000  3.3796000e-008
  1.8800000e+000  3.3801000e-008
  1.8900000e+000  3.3809000e-008
  1.9000000e+000  3.3819000e-008
  1.9100000e+000  3.3831000e-008
  1.9200000e+000  3.3837000e-008
  1.9300000e+000  3.3842000e-008
  1.9400000e+000  3.3850000e-008
  1.9500000e+000  3.3861000e-008
  1.9600000e+000  3.3866000e-008
  1.9700000e+000  3.3871000e-008
  1.9800000e+000  3.3876000e-008
  1.9900000e+000  3.3884000e-008
  2.0000000e+000  3.3891000e-008
  2.0100000e+000  3.3897000e-008
  2.0200000e+000  3.3905000e-008
  2.0300000e+000  3.3917000e-008
  2.0400000e+000  3.3921000e-008
  2.0500000e+000  3.3928000e-008
  2.0600000e+000  3.3934000e-008
  2.0700000e+000  3.3951000e-008
  2.0800000e+000  3.3958000e-008
  2.0900000e+000  3.3967000e-008
  2.1000000e+000  3.3988000e-008
  2.1100000e+000  3.3989000e-008
  2.1200000e+000  3.4001000e-008
  2.1300000e+000  3.4009000e-008
  2.1400000e+000  3.4012000e-008
  2.1500000e+000  3.4020000e-008
  2.1600000e+000  3.4032000e-008
  2.1700000e+000  3.4031000e-008
  2.1800000e+000  3.4039000e-008
  2.1900000e+000  3.4050000e-008
  2.2000000e+000  3.4062000e-008
  2.2100000e+000  3.4067000e-008
  2.2200000e+000  3.4077000e-008
  2.2300000e+000  3.4081000e-008
  2.2400000e+000  3.4090000e-008
  2.2500000e+000  3.4093000e-008
  2.2600000e+000  3.4106000e-008
  2.2700000e+000  3.4107000e-008
  2.2800000e+000  3.4109000e-008
  2.2900000e+000  3.4122000e-008
  2.3000000e+000  3.4129000e-008
  2.3100000e+000  3.4134000e-008
  2.3200000e+000  3.4144000e-008
  2.3300000e+000  3.4155000e-008
  2.3400000e+000  3.4163000e-008
  2.3500000e+000  3.4169000e-008
  2.3600000e+000  3.4177000e-008
  2.3700000e+000  3.4186000e-008
  2.3800000e+000  3.4195000e-008
  2.3900000e+000  3.4201000e-008
  2.4000000e+000  3.4201000e-008
