  0.0000000e+000  8.5490170e-005
  1.0000000e-002  8.4983850e-005
  2.0000000e-002  8.4467500e-005
  3.0000000e-002  8.3953040e-005
  4.0000000e-002  8.3432800e-005
  5.0000000e-002  8.2906310e-005
  6.0000000e-002  8.2378670e-005
  7.0000000e-002  8.1859880e-005
  8.0000000e-002  8.1324830e-005
  9.0000000e-002  8.0797280e-005
  1.0000000e-001  8.0254240e-005
  1.1000000e-001  7.9725550e-005
  1.2000000e-001  7.9176750e-005
  1.3000000e-001  7.8625680e-005
  1.4000000e-001  7.8074820e-005
  1.5000000e-001  7.7525280e-005
  1.6000000e-001  7.6976600e-005
  1.7000000e-001  7.6424860e-005
  1.8000000e-001  7.5868430e-005
  1.9000000e-001  7.5313600e-005
  2.0000000e-001  7.4747650e-005
  2.1000000e-001  7.4184270e-005
  2.2000000e-001  7.3617170e-005
  2.3000000e-001  7.3052140e-005
  2.4000000e-001  7.2479220e-005
  2.5000000e-001  7.1899750e-005
  2.6000000e-001  7.1316830e-005
  2.7000000e-001  7.0741470e-005
  2.8000000e-001  7.0151600e-005
  2.9000000e-001  6.9567000e-005
  3.0000000e-001  6.8981500e-005
  3.1000000e-001  6.8398530e-005
  3.2000000e-001  6.7805130e-005
  3.3000000e-001  6.7217560e-005
  3.4000000e-001  6.6618400e-005
  3.5000000e-001  6.6025200e-005
  3.6000000e-001  6.5425860e-005
  3.7000000e-001  6.4823850e-005
  3.8000000e-001  6.4221170e-005
  3.9000000e-001  6.3616590e-005
  4.0000000e-001  6.3008300e-005
  4.1000000e-001  6.2397860e-005
  4.2000000e-001  6.1784910e-005
  4.3000000e-001  6.1174700e-005
  4.4000000e-001  6.0556370e-005
  4.5000000e-001  5.9941910e-005
  4.6000000e-001  5.9323780e-005
  4.7000000e-001  5.8707050e-005
  4.8000000e-001  5.8087000e-005
  4.9000000e-001  5.7461780e-005
  5.0000000e-001  5.6835220e-005
  5.1000000e-001  5.6210530e-005
  5.2000000e-001  5.5583970e-005
  5.3000000e-001  5.4952670e-005
  5.4000000e-001  5.4323360e-005
  5.5000000e-001  5.3691480e-005
  5.6000000e-001  5.3057970e-005
  5.7000000e-001  5.2425190e-005
  5.8000000e-001  5.1789320e-005
  5.9000000e-001  5.1156320e-005
  6.0000000e-001  5.0514190e-005
  6.1000000e-001  4.9873340e-005
  6.2000000e-001  4.9231340e-005
  6.3000000e-001  4.8590790e-005
  6.4000000e-001  4.7952430e-005
  6.5000000e-001  4.7309880e-005
  6.6000000e-001  4.6665670e-005
  6.7000000e-001  4.6025950e-005
  6.8000000e-001  4.5376120e-005
  6.9000000e-001  4.4734450e-005
  7.0000000e-001  4.4087130e-005
  7.1000000e-001  4.3442000e-005
  7.2000000e-001  4.2795410e-005
  7.3000000e-001  4.2150030e-005
  7.4000000e-001  4.1501670e-005
  7.5000000e-001  4.0855640e-005
  7.6000000e-001  4.0207150e-005
  7.7000000e-001  3.9554620e-005
  7.8000000e-001  3.8908040e-005
  7.9000000e-001  3.8263950e-005
  8.0000000e-001  3.7612510e-005
  8.1000000e-001  3.6964980e-005
  8.2000000e-001  3.6318310e-005
  8.3000000e-001  3.5673310e-005
  8.4000000e-001  3.5024060e-005
  8.5000000e-001  3.4378510e-005
  8.6000000e-001  3.3727720e-005
  8.7000000e-001  3.3084450e-005
  8.8000000e-001  3.2438190e-005
  8.9000000e-001  3.1793420e-005
  9.0000000e-001  3.1146760e-005
  9.1000000e-001  3.0505940e-005
  9.2000000e-001  2.9863000e-005
  9.3000000e-001  2.9221750e-005
  9.4000000e-001  2.8583060e-005
  9.5000000e-001  2.7950310e-005
  9.6000000e-001  2.7312000e-005
  9.7000000e-001  2.6677420e-005
  9.8000000e-001  2.6043180e-005
  9.9000000e-001  2.5414290e-005
  1.0000000e+000  2.4784750e-005
  1.0100000e+000  2.4156390e-005
  1.0200000e+000  2.3532910e-005
  1.0300000e+000  2.2910840e-005
  1.0400000e+000  2.2290920e-005
  1.0500000e+000  2.1676050e-005
  1.0600000e+000  2.1057920e-005
  1.0700000e+000  2.0448630e-005
  1.0800000e+000  1.9845810e-005
  1.0900000e+000  1.9241970e-005
  1.1000000e+000  1.8642290e-005
  1.1100000e+000  1.8047120e-005
  1.1200000e+000  1.7455570e-005
  1.1300000e+000  1.6866790e-005
  1.1400000e+000  1.6282770e-005
  1.1500000e+000  1.5707830e-005
  1.1600000e+000  1.5135330e-005
  1.1700000e+000  1.4567040e-005
  1.1800000e+000  1.4003400e-005
  1.1900000e+000  1.3449020e-005
  1.2000000e+000  1.2899510e-005
  1.2100000e+000  1.2355660e-005
  1.2200000e+000  1.1817280e-005
  1.2300000e+000  1.1290350e-005
  1.2400000e+000  1.0767740e-005
  1.2500000e+000  1.0254030e-005
  1.2600000e+000  9.7489920e-006
  1.2700000e+000  9.2549990e-006
  1.2800000e+000  8.7679730e-006
  1.2900000e+000  8.2912050e-006
  1.3000000e+000  7.8235960e-006
  1.3100000e+000  7.3713160e-006
  1.3200000e+000  6.9263980e-006
  1.3300000e+000  6.4945370e-006
  1.3400000e+000  6.0746910e-006
  1.3500000e+000  5.6695990e-006
  1.3600000e+000  5.2763900e-006
  1.3700000e+000  4.8972780e-006
  1.3800000e+000  4.5316980e-006
  1.3900000e+000  4.1834640e-006
  1.4000000e+000  3.8479620e-006
  1.4100000e+000  3.5288610e-006
  1.4200000e+000  3.2244060e-006
  1.4300000e+000  2.9362950e-006
  1.4400000e+000  2.6623090e-006
  1.4500000e+000  2.4042940e-006
  1.4600000e+000  2.1605790e-006
  1.4700000e+000  1.9330060e-006
  1.4800000e+000  1.7188490e-006
  1.4900000e+000  1.5199600e-006
  1.5000000e+000  1.3348160e-006
  1.5100000e+000  1.1640890e-006
  1.5200000e+000  1.0065480e-006
  1.5300000e+000  8.6302700e-007
  1.5400000e+000  7.3219100e-007
  1.5500000e+000  6.1612000e-007
  1.5600000e+000  5.1176000e-007
  1.5700000e+000  4.2029600e-007
  1.5800000e+000  3.4055300e-007
  1.5900000e+000  2.7258100e-007
  1.6000000e+000  2.1489300e-007
  1.6100000e+000  1.6699700e-007
  1.6200000e+000  1.2769200e-007
  1.6300000e+000  9.6440000e-008
  1.6400000e+000  7.1607000e-008
  1.6500000e+000  5.2480000e-008
  1.6600000e+000  3.7999000e-008
  1.6700000e+000  2.7252000e-008
  1.6800000e+000  1.9301000e-008
  1.6900000e+000  1.3595000e-008
  1.7000000e+000  9.5010000e-009
  1.7100000e+000  6.6300000e-009
  1.7200000e+000  4.5960000e-009
  1.7300000e+000  3.1800000e-009
  1.7400000e+000  2.1960000e-009
  1.7500000e+000  1.5180000e-009
  1.7600000e+000  1.0470000e-009
  1.7700000e+000  7.2300000e-010
  1.7800000e+000  4.9900000e-010
  1.7900000e+000  3.4600000e-010
  1.8000000e+000  2.4000000e-010
  1.8100000e+000  1.6800000e-010
  1.8200000e+000  1.1700000e-010
  1.8300000e+000  8.3000000e-011
  1.8400000e+000  6.0000000e-011
  1.8500000e+000  4.3000000e-011
  1.8600000e+000  3.2000000e-011
  1.8700000e+000  2.4000000e-011
  1.8800000e+000  1.9000000e-011
  1.8900000e+000  1.6000000e-011
  1.9000000e+000  1.3000000e-011
  1.9100000e+000  1.1000000e-011
  1.9200000e+000  1.0000000e-011
  1.9300000e+000  9.0000000e-012
  1.9400000e+000  9.0000000e-012
  1.9500000e+000  9.0000000e-012
  1.9600000e+000  8.0000000e-012
  1.9700000e+000  8.0000000e-012
  1.9800000e+000  8.0000000e-012
  1.9900000e+000  8.0000000e-012
  2.0000000e+000  8.0000000e-012
  2.0100000e+000  8.0000000e-012
  2.0200000e+000  8.0000000e-012
  2.0300000e+000  8.0000000e-012
  2.0400000e+000  8.0000000e-012
  2.0500000e+000  8.0000000e-012
  2.0600000e+000  8.0000000e-012
  2.0700000e+000  8.0000000e-012
  2.0800000e+000  8.0000000e-012
  2.0900000e+000  8.0000000e-012
  2.1000000e+000  8.0000000e-012
  2.1100000e+000  8.0000000e-012
  2.1200000e+000  8.0000000e-012
  2.1300000e+000  8.0000000e-012
  2.1400000e+000  8.0000000e-012
  2.1500000e+000  7.0000000e-012
  2.1600000e+000  7.0000000e-012
  2.1700000e+000  8.0000000e-012
  2.1800000e+000  7.0000000e-012
  2.1900000e+000  7.0000000e-012
  2.2000000e+000  7.0000000e-012
  2.2100000e+000  6.0000000e-012
  2.2200000e+000  8.0000000e-012
  2.2300000e+000  7.0000000e-012
  2.2400000e+000  8.0000000e-012
  2.2500000e+000  8.0000000e-012
  2.2600000e+000  8.0000000e-012
  2.2700000e+000  8.0000000e-012
  2.2800000e+000  8.0000000e-012
  2.2900000e+000  8.0000000e-012
  2.3000000e+000  8.0000000e-012
  2.3100000e+000  8.0000000e-012
  2.3200000e+000  7.0000000e-012
  2.3300000e+000  9.0000000e-012
  2.3400000e+000  8.0000000e-012
  2.3500000e+000  8.0000000e-012
  2.3600000e+000  8.0000000e-012
  2.3700000e+000  7.0000000e-012
  2.3800000e+000  7.0000000e-012
  2.3900000e+000  7.0000000e-012
  2.4000000e+000  8.0000000e-012
