  0.0000000e+000  6.8066870e-005
  1.0000000e-002  6.7699150e-005
  2.0000000e-002  6.7237390e-005
  3.0000000e-002  6.6779180e-005
  4.0000000e-002  6.6309740e-005
  5.0000000e-002  6.5838960e-005
  6.0000000e-002  6.5357430e-005
  7.0000000e-002  6.4870660e-005
  8.0000000e-002  6.4381620e-005
  9.0000000e-002  6.3890700e-005
  1.0000000e-001  6.3395520e-005
  1.1000000e-001  6.2892580e-005
  1.2000000e-001  6.2394000e-005
  1.3000000e-001  6.1896080e-005
  1.4000000e-001  6.1365990e-005
  1.5000000e-001  6.0857680e-005
  1.6000000e-001  6.0339610e-005
  1.7000000e-001  5.9826660e-005
  1.8000000e-001  5.9302900e-005
  1.9000000e-001  5.8787480e-005
  2.0000000e-001  5.8255200e-005
  2.1000000e-001  5.7739060e-005
  2.2000000e-001  5.7213390e-005
  2.3000000e-001  5.6690450e-005
  2.4000000e-001  5.6165070e-005
  2.5000000e-001  5.5639190e-005
  2.6000000e-001  5.5103830e-005
  2.7000000e-001  5.4575010e-005
  2.8000000e-001  5.4040610e-005
  2.9000000e-001  5.3514420e-005
  3.0000000e-001  5.2973010e-005
  3.1000000e-001  5.2446800e-005
  3.2000000e-001  5.1917940e-005
  3.3000000e-001  5.1382450e-005
  3.4000000e-001  5.0848240e-005
  3.5000000e-001  5.0316180e-005
  3.6000000e-001  4.9783640e-005
  3.7000000e-001  4.9264260e-005
  3.8000000e-001  4.8732470e-005
  3.9000000e-001  4.8200500e-005
  4.0000000e-001  4.7665920e-005
  4.1000000e-001  4.7140600e-005
  4.2000000e-001  4.6610550e-005
  4.3000000e-001  4.6080990e-005
  4.4000000e-001  4.5554450e-005
  4.5000000e-001  4.5039920e-005
  4.6000000e-001  4.4500830e-005
  4.7000000e-001  4.3981410e-005
  4.8000000e-001  4.3459250e-005
  4.9000000e-001  4.2937780e-005
  5.0000000e-001  4.2417900e-005
  5.1000000e-001  4.1900030e-005
  5.2000000e-001  4.1372910e-005
  5.3000000e-001  4.0857470e-005
  5.4000000e-001  4.0334330e-005
  5.5000000e-001  3.9816620e-005
  5.6000000e-001  3.9297130e-005
  5.7000000e-001  3.8784740e-005
  5.8000000e-001  3.8266730e-005
  5.9000000e-001  3.7750650e-005
  6.0000000e-001  3.7236860e-005
  6.1000000e-001  3.6734630e-005
  6.2000000e-001  3.6213510e-005
  6.3000000e-001  3.5711540e-005
  6.4000000e-001  3.5207590e-005
  6.5000000e-001  3.4690840e-005
  6.6000000e-001  3.4180120e-005
  6.7000000e-001  3.3679290e-005
  6.8000000e-001  3.3174120e-005
  6.9000000e-001  3.2681190e-005
  7.0000000e-001  3.2178860e-005
  7.1000000e-001  3.1682200e-005
  7.2000000e-001  3.1183440e-005
  7.3000000e-001  3.0694460e-005
  7.4000000e-001  3.0200270e-005
  7.5000000e-001  2.9710580e-005
  7.6000000e-001  2.9222070e-005
  7.7000000e-001  2.8744190e-005
  7.8000000e-001  2.8248880e-005
  7.9000000e-001  2.7767380e-005
  8.0000000e-001  2.7287540e-005
  8.1000000e-001  2.6806460e-005
  8.2000000e-001  2.6327940e-005
  8.3000000e-001  2.5856410e-005
  8.4000000e-001  2.5374970e-005
  8.5000000e-001  2.4907510e-005
  8.6000000e-001  2.4433300e-005
  8.7000000e-001  2.3969130e-005
  8.8000000e-001  2.3505270e-005
  8.9000000e-001  2.3048950e-005
  9.0000000e-001  2.2582840e-005
  9.1000000e-001  2.2124480e-005
  9.2000000e-001  2.1668790e-005
  9.3000000e-001  2.1222680e-005
  9.4000000e-001  2.0764100e-005
  9.5000000e-001  2.0322070e-005
  9.6000000e-001  1.9883250e-005
  9.7000000e-001  1.9441720e-005
  9.8000000e-001  1.9001070e-005
  9.9000000e-001  1.8567810e-005
  1.0000000e+000  1.8136060e-005
  1.0100000e+000  1.7713320e-005
  1.0200000e+000  1.7286220e-005
  1.0300000e+000  1.6863350e-005
  1.0400000e+000  1.6440330e-005
  1.0500000e+000  1.6025290e-005
  1.0600000e+000  1.5610890e-005
  1.0700000e+000  1.5200680e-005
  1.0800000e+000  1.4796030e-005
  1.0900000e+000  1.4397720e-005
  1.1000000e+000  1.3990520e-005
  1.1100000e+000  1.3599040e-005
  1.1200000e+000  1.3209250e-005
  1.1300000e+000  1.2822360e-005
  1.1400000e+000  1.2439950e-005
  1.1500000e+000  1.2065570e-005
  1.1600000e+000  1.1682740e-005
  1.1700000e+000  1.1315790e-005
  1.1800000e+000  1.0945630e-005
  1.1900000e+000  1.0586070e-005
  1.2000000e+000  1.0229040e-005
  1.2100000e+000  9.8802090e-006
  1.2200000e+000  9.5310760e-006
  1.2300000e+000  9.1872370e-006
  1.2400000e+000  8.8492700e-006
  1.2500000e+000  8.5224220e-006
  1.2600000e+000  8.1907220e-006
  1.2700000e+000  7.8721960e-006
  1.2800000e+000  7.5586540e-006
  1.2900000e+000  7.2443190e-006
  1.3000000e+000  6.9363970e-006
  1.3100000e+000  6.6366490e-006
  1.3200000e+000  6.3405970e-006
  1.3300000e+000  6.0554210e-006
  1.3400000e+000  5.7703960e-006
  1.3500000e+000  5.4931120e-006
  1.3600000e+000  5.2216420e-006
  1.3700000e+000  4.9585490e-006
  1.3800000e+000  4.7002560e-006
  1.3900000e+000  4.4489320e-006
  1.4000000e+000  4.2058460e-006
  1.4100000e+000  3.9693650e-006
  1.4200000e+000  3.7331590e-006
  1.4300000e+000  3.5091750e-006
  1.4400000e+000  3.2923810e-006
  1.4500000e+000  3.0815350e-006
  1.4600000e+000  2.8775280e-006
  1.4700000e+000  2.6829500e-006
  1.4800000e+000  2.4923170e-006
  1.4900000e+000  2.3122200e-006
  1.5000000e+000  2.1364260e-006
  1.5100000e+000  1.9707820e-006
  1.5200000e+000  1.8118880e-006
  1.5300000e+000  1.6616490e-006
  1.5400000e+000  1.5171240e-006
  1.5500000e+000  1.3797510e-006
  1.5600000e+000  1.2504710e-006
  1.5700000e+000  1.1302120e-006
  1.5800000e+000  1.0145190e-006
  1.5900000e+000  9.0881410e-007
  1.6000000e+000  8.1026410e-007
  1.6100000e+000  7.1733610e-007
  1.6200000e+000  6.3228410e-007
  1.6300000e+000  5.5476800e-007
  1.6400000e+000  4.8332170e-007
  1.6500000e+000  4.1949970e-007
  1.6600000e+000  3.6089790e-007
  1.6700000e+000  3.0807890e-007
  1.6800000e+000  2.6132390e-007
  1.6900000e+000  2.2030450e-007
  1.7000000e+000  1.8421720e-007
  1.7100000e+000  1.5281790e-007
  1.7200000e+000  1.2593740e-007
  1.7300000e+000  1.0307790e-007
  1.7400000e+000  8.3330800e-008
  1.7500000e+000  6.7075020e-008
  1.7600000e+000  5.3624290e-008
  1.7700000e+000  4.2517310e-008
  1.7800000e+000  3.3510140e-008
  1.7900000e+000  2.6272600e-008
  1.8000000e+000  2.0399750e-008
  1.8100000e+000  1.5826210e-008
  1.8200000e+000  1.2170430e-008
  1.8300000e+000  9.3571850e-009
  1.8400000e+000  7.1802760e-009
  1.8500000e+000  5.4964550e-009
  1.8600000e+000  4.1875710e-009
  1.8700000e+000  3.1903010e-009
  1.8800000e+000  2.4321770e-009
  1.8900000e+000  1.8662380e-009
  1.9000000e+000  1.4259600e-009
  1.9100000e+000  1.0952980e-009
  1.9200000e+000  8.4448500e-010
  1.9300000e+000  6.5032070e-010
  1.9400000e+000  5.0607590e-010
  1.9500000e+000  3.9807700e-010
  1.9600000e+000  3.1605440e-010
  1.9700000e+000  2.5502820e-010
  1.9800000e+000  2.0818000e-010
  1.9900000e+000  1.7298930e-010
  2.0000000e+000  1.4645440e-010
  2.0100000e+000  1.2645160e-010
  2.0200000e+000  1.1116030e-010
  2.0300000e+000  9.9608430e-011
  2.0400000e+000  9.0968210e-011
  2.0500000e+000  8.4730400e-011
  2.0600000e+000  7.9663450e-011
  2.0700000e+000  7.5710470e-011
  2.0800000e+000  7.2795440e-011
  2.0900000e+000  7.0653290e-011
  2.1000000e+000  6.8975100e-011
  2.1100000e+000  6.7700460e-011
  2.1200000e+000  6.6726910e-011
  2.1300000e+000  6.5925810e-011
  2.1400000e+000  6.5361830e-011
  2.1500000e+000  6.4982710e-011
  2.1600000e+000  6.4585360e-011
  2.1700000e+000  6.4375690e-011
  2.1800000e+000  6.4059790e-011
  2.1900000e+000  6.4090780e-011
  2.2000000e+000  6.3923540e-011
  2.2100000e+000  6.3939530e-011
  2.2200000e+000  6.3876520e-011
  2.2300000e+000  6.3666250e-011
  2.2400000e+000  6.3685660e-011
  2.2500000e+000  6.3649220e-011
  2.2600000e+000  6.3615630e-011
  2.2700000e+000  6.3612040e-011
  2.2800000e+000  6.3646840e-011
  2.2900000e+000  6.3511800e-011
  2.3000000e+000  6.3535590e-011
  2.3100000e+000  6.3490780e-011
  2.3200000e+000  6.3514390e-011
  2.3300000e+000  6.3548590e-011
  2.3400000e+000  6.3597620e-011
  2.3500000e+000  6.3584010e-011
  2.3600000e+000  6.3554390e-011
  2.3700000e+000  6.3658610e-011
  2.3800000e+000  6.3678240e-011
  2.3900000e+000  6.3771080e-011
  2.4000000e+000  6.3960110e-011
