  2.4000000e+000  6.7794700e-005
  2.3900000e+000  6.7101870e-005
  2.3800000e+000  6.6407430e-005
  2.3700000e+000  6.5704600e-005
  2.3600000e+000  6.5016330e-005
  2.3500000e+000  6.4323770e-005
  2.3400000e+000  6.3632400e-005
  2.3300000e+000  6.2942860e-005
  2.3200000e+000  6.2246460e-005
  2.3100000e+000  6.1561110e-005
  2.3000000e+000  6.0871880e-005
  2.2900000e+000  6.0176580e-005
  2.2800000e+000  5.9498540e-005
  2.2700000e+000  5.8808150e-005
  2.2600000e+000  5.8129550e-005
  2.2500000e+000  5.7441480e-005
  2.2400000e+000  5.6756320e-005
  2.2300000e+000  5.6078940e-005
  2.2200000e+000  5.5405900e-005
  2.2100000e+000  5.4718420e-005
  2.2000000e+000  5.4047700e-005
  2.1900000e+000  5.3369820e-005
  2.1800000e+000  5.2690550e-005
  2.1700000e+000  5.2009100e-005
  2.1600000e+000  5.1343340e-005
  2.1500000e+000  5.0677170e-005
  2.1400000e+000  5.0012200e-005
  2.1300000e+000  4.9346470e-005
  2.1200000e+000  4.8680320e-005
  2.1100000e+000  4.8023950e-005
  2.1000000e+000  4.7367670e-005
  2.0900000e+000  4.6716610e-005
  2.0800000e+000  4.6060820e-005
  2.0700000e+000  4.5413090e-005
  2.0600000e+000  4.4764660e-005
  2.0500000e+000  4.4107990e-005
  2.0400000e+000  4.3462140e-005
  2.0300000e+000  4.2830590e-005
  2.0200000e+000  4.2196680e-005
  2.0100000e+000  4.1564100e-005
  2.0000000e+000  4.0931870e-005
  1.9900000e+000  4.0308550e-005
  1.9800000e+000  3.9691330e-005
  1.9700000e+000  3.9069710e-005
  1.9600000e+000  3.8457100e-005
  1.9500000e+000  3.7839930e-005
  1.9400000e+000  3.7231880e-005
  1.9300000e+000  3.6618840e-005
  1.9200000e+000  3.6006670e-005
  1.9100000e+000  3.5408280e-005
  1.9000000e+000  3.4814840e-005
  1.8900000e+000  3.4215760e-005
  1.8800000e+000  3.3629760e-005
  1.8700000e+000  3.3040380e-005
  1.8600000e+000  3.2454530e-005
  1.8500000e+000  3.1871230e-005
  1.8400000e+000  3.1297820e-005
  1.8300000e+000  3.0723310e-005
  1.8200000e+000  3.0153550e-005
  1.8100000e+000  2.9582380e-005
  1.8000000e+000  2.9019960e-005
  1.7900000e+000  2.8456380e-005
  1.7800000e+000  2.7908540e-005
  1.7700000e+000  2.7354470e-005
  1.7600000e+000  2.6807420e-005
  1.7500000e+000  2.6265520e-005
  1.7400000e+000  2.5727370e-005
  1.7300000e+000  2.5183440e-005
  1.7200000e+000  2.4660510e-005
  1.7100000e+000  2.4132250e-005
  1.7000000e+000  2.3607110e-005
  1.6900000e+000  2.3084790e-005
  1.6800000e+000  2.2568390e-005
  1.6700000e+000  2.2052510e-005
  1.6600000e+000  2.1542000e-005
  1.6500000e+000  2.1037970e-005
  1.6400000e+000  2.0544780e-005
  1.6300000e+000  2.0046720e-005
  1.6200000e+000  1.9558960e-005
  1.6100000e+000  1.9070160e-005
  1.6000000e+000  1.8586000e-005
  1.5900000e+000  1.8111360e-005
  1.5800000e+000  1.7640330e-005
  1.5700000e+000  1.7164190e-005
  1.5600000e+000  1.6704270e-005
  1.5500000e+000  1.6245020e-005
  1.5400000e+000  1.5787570e-005
  1.5300000e+000  1.5337640e-005
  1.5200000e+000  1.4896170e-005
  1.5100000e+000  1.4457120e-005
  1.5000000e+000  1.4024030e-005
  1.4900000e+000  1.3590360e-005
  1.4800000e+000  1.3169180e-005
  1.4700000e+000  1.2748530e-005
  1.4600000e+000  1.2337090e-005
  1.4500000e+000  1.1926040e-005
  1.4400000e+000  1.1520580e-005
  1.4300000e+000  1.1122470e-005
  1.4200000e+000  1.0729580e-005
  1.4100000e+000  1.0334000e-005
  1.4000000e+000  9.9545060e-006
  1.3900000e+000  9.5781220e-006
  1.3800000e+000  9.2070130e-006
  1.3700000e+000  8.8407880e-006
  1.3600000e+000  8.4824710e-006
  1.3500000e+000  8.1270750e-006
  1.3400000e+000  7.7807340e-006
  1.3300000e+000  7.4373930e-006
  1.3200000e+000  7.1052440e-006
  1.3100000e+000  6.7739820e-006
  1.3000000e+000  6.4525930e-006
  1.2900000e+000  6.1345980e-006
  1.2800000e+000  5.8223950e-006
  1.2700000e+000  5.5237490e-006
  1.2600000e+000  5.2309330e-006
  1.2500000e+000  4.9386640e-006
  1.2400000e+000  4.6614220e-006
  1.2300000e+000  4.3866750e-006
  1.2200000e+000  4.1191880e-006
  1.2100000e+000  3.8603550e-006
  1.2000000e+000  3.6107410e-006
  1.1900000e+000  3.3668930e-006
  1.1800000e+000  3.1315320e-006
  1.1700000e+000  2.9013410e-006
  1.1600000e+000  2.6832360e-006
  1.1500000e+000  2.4683430e-006
  1.1400000e+000  2.2683470e-006
  1.1300000e+000  2.0742060e-006
  1.1200000e+000  1.8893890e-006
  1.1100000e+000  1.7141270e-006
  1.1000000e+000  1.5473880e-006
  1.0900000e+000  1.3863990e-006
  1.0800000e+000  1.2402770e-006
  1.0700000e+000  1.1007850e-006
  1.0600000e+000  9.7047910e-007
  1.0500000e+000  8.4923330e-007
  1.0400000e+000  7.3815430e-007
  1.0300000e+000  6.3558470e-007
  1.0200000e+000  5.4409590e-007
  1.0100000e+000  4.6040990e-007
  1.0000000e+000  3.8670770e-007
  9.9000000e-001  3.2027720e-007
  9.8000000e-001  2.6277620e-007
  9.7000000e-001  2.1243710e-007
  9.6000000e-001  1.6976540e-007
  9.5000000e-001  1.3413490e-007
  9.4000000e-001  1.0447830e-007
  9.3000000e-001  7.9777120e-008
  9.2000000e-001  6.0576450e-008
  9.1000000e-001  4.5156370e-008
  9.0000000e-001  3.3225880e-008
  8.9000000e-001  2.4136790e-008
  8.8000000e-001  1.7442860e-008
  8.7000000e-001  1.2459610e-008
  8.6000000e-001  8.8406430e-009
  8.5000000e-001  6.2031760e-009
  8.4000000e-001  4.3595200e-009
  8.3000000e-001  3.0400570e-009
  8.2000000e-001  2.1287650e-009
  8.1000000e-001  1.4857850e-009
  8.0000000e-001  1.0412220e-009
  7.9000000e-001  7.3547320e-010
  7.8000000e-001  5.2463150e-010
  7.7000000e-001  3.7651050e-010
  7.6000000e-001  2.7922680e-010
  7.5000000e-001  2.1116070e-010
  7.4000000e-001  1.6444070e-010
  7.3000000e-001  1.3235710e-010
  7.2000000e-001  1.1021940e-010
  7.1000000e-001  9.5089210e-011
  7.0000000e-001  8.4772820e-011
  6.9000000e-001  7.7728990e-011
  6.8000000e-001  7.2957920e-011
  6.7000000e-001  6.9759440e-011
  6.6000000e-001  6.7485840e-011
  6.5000000e-001  6.5861090e-011
  6.4000000e-001  6.4812930e-011
  6.3000000e-001  6.4022450e-011
  6.2000000e-001  6.3603890e-011
  6.1000000e-001  6.3192190e-011
  6.0000000e-001  6.3060520e-011
  5.9000000e-001  6.2864460e-011
  5.8000000e-001  6.2738820e-011
  5.7000000e-001  6.2659980e-011
  5.6000000e-001  6.2723030e-011
  5.5000000e-001  6.2565970e-011
  5.4000000e-001  6.2564560e-011
  5.3000000e-001  6.2464730e-011
  5.2000000e-001  6.2521350e-011
  5.1000000e-001  6.2490540e-011
  5.0000000e-001  6.2547950e-011
  4.9000000e-001  6.2546160e-011
  4.8000000e-001  6.2498760e-011
  4.7000000e-001  6.2548750e-011
  4.6000000e-001  6.2483340e-011
  4.5000000e-001  6.2577980e-011
  4.4000000e-001  6.2431110e-011
  4.3000000e-001  6.2534170e-011
  4.2000000e-001  6.2456940e-011
  4.1000000e-001  6.2539330e-011
  4.0000000e-001  6.2436720e-011
  3.9000000e-001  6.2479720e-011
  3.8000000e-001  6.2565930e-011
  3.7000000e-001  6.2503330e-011
  3.6000000e-001  6.2509930e-011
  3.5000000e-001  6.2348270e-011
  3.4000000e-001  6.2434120e-011
  3.3000000e-001  6.2378490e-011
  3.2000000e-001  6.2387690e-011
  3.1000000e-001  6.2384500e-011
  3.0000000e-001  6.2396700e-011
  2.9000000e-001  6.2427320e-011
  2.8000000e-001  6.2426920e-011
  2.7000000e-001  6.2512540e-011
  2.6000000e-001  6.2450130e-011
  2.5000000e-001  6.2549160e-011
  2.4000000e-001  6.2523150e-011
  2.3000000e-001  6.2555550e-011
  2.2000000e-001  6.2568970e-011
  2.1000000e-001  6.2477120e-011
  2.0000000e-001  6.2509540e-011
  1.9000000e-001  6.2478520e-011
  1.8000000e-001  6.2411510e-011
  1.7000000e-001  6.2450320e-011
  1.6000000e-001  6.2443910e-011
  1.5000000e-001  6.2431890e-011
  1.4000000e-001  6.2379900e-011
  1.3000000e-001  6.2397090e-011
  1.2000000e-001  6.2514330e-011
  1.1000000e-001  6.2484320e-011
  1.0000000e-001  6.2542940e-011
  9.0000000e-002  6.2513720e-011
  8.0000000e-002  6.2475720e-011
  7.0000000e-002  6.2483120e-011
  6.0000000e-002  6.2376470e-011
  5.0000000e-002  6.2501310e-011
  4.0000000e-002  6.2383290e-011
  3.0000000e-002  6.2376480e-011
  2.0000000e-002  6.2492120e-011
  1.0000000e-002  6.2364680e-011
  0.0000000e+000  6.2339270e-011
