  0.0000000e+000  8.2576910e-008
  1.0000000e-002  8.2525470e-008
  2.0000000e-002  8.2495690e-008
  3.0000000e-002  8.2454310e-008
  4.0000000e-002  8.2442790e-008
  5.0000000e-002  8.2419630e-008
  6.0000000e-002  8.2396810e-008
  7.0000000e-002  8.2375360e-008
  8.0000000e-002  8.2371130e-008
  9.0000000e-002  8.2375930e-008
  1.0000000e-001  8.2353260e-008
  1.1000000e-001  8.2350990e-008
  1.2000000e-001  8.2339740e-008
  1.3000000e-001  8.2332820e-008
  1.4000000e-001  8.2317020e-008
  1.5000000e-001  8.2316650e-008
  1.6000000e-001  8.2317850e-008
  1.7000000e-001  8.2294560e-008
  1.8000000e-001  8.2301210e-008
  1.9000000e-001  8.2284630e-008
  2.0000000e-001  8.2284880e-008
  2.1000000e-001  8.2262980e-008
  2.2000000e-001  8.2265000e-008
  2.3000000e-001  8.2242450e-008
  2.4000000e-001  8.2230480e-008
  2.5000000e-001  8.2211290e-008
  2.6000000e-001  8.2192100e-008
  2.7000000e-001  8.2187060e-008
  2.8000000e-001  8.2161670e-008
  2.9000000e-001  8.2153240e-008
  3.0000000e-001  8.2140860e-008
  3.1000000e-001  8.2121650e-008
  3.2000000e-001  8.2114350e-008
  3.3000000e-001  8.2077460e-008
  3.4000000e-001  8.2065980e-008
  3.5000000e-001  8.2063190e-008
  3.6000000e-001  8.2038600e-008
  3.7000000e-001  8.2020460e-008
  3.8000000e-001  8.2005120e-008
  3.9000000e-001  8.1973250e-008
  4.0000000e-001  8.1949540e-008
  4.1000000e-001  8.1938040e-008
  4.2000000e-001  8.1924580e-008
  4.3000000e-001  8.1901560e-008
  4.4000000e-001  8.1880880e-008
  4.5000000e-001  8.1852060e-008
  4.6000000e-001  8.1818580e-008
  4.7000000e-001  8.1816350e-008
  4.8000000e-001  8.1801130e-008
  4.9000000e-001  8.1786280e-008
  5.0000000e-001  8.1767670e-008
  5.1000000e-001  8.1731630e-008
  5.2000000e-001  8.1726850e-008
  5.3000000e-001  8.1692940e-008
  5.4000000e-001  8.1690000e-008
  5.5000000e-001  8.1662760e-008
  5.6000000e-001  8.1643680e-008
  5.7000000e-001  8.1638080e-008
  5.8000000e-001  8.1604140e-008
  5.9000000e-001  8.1574080e-008
  6.0000000e-001  8.1553470e-008
  6.1000000e-001  8.1522710e-008
  6.2000000e-001  8.1514070e-008
  6.3000000e-001  8.1497230e-008
  6.4000000e-001  8.1474430e-008
  6.5000000e-001  8.1442340e-008
  6.6000000e-001  8.1419170e-008
  6.7000000e-001  8.1401540e-008
  6.8000000e-001  8.1370430e-008
  6.9000000e-001  8.1355940e-008
  7.0000000e-001  8.1330740e-008
  7.1000000e-001  8.1299650e-008
  7.2000000e-001  8.1289830e-008
  7.3000000e-001  8.1285980e-008
  7.4000000e-001  8.1255490e-008
  7.5000000e-001  8.1210920e-008
  7.6000000e-001  8.1203720e-008
  7.7000000e-001  8.1181320e-008
  7.8000000e-001  8.1154200e-008
  7.9000000e-001  8.1141740e-008
  8.0000000e-001  8.1120960e-008
  8.1000000e-001  8.1102570e-008
  8.2000000e-001  8.1085230e-008
  8.3000000e-001  8.1056130e-008
  8.4000000e-001  8.1037310e-008
  8.5000000e-001  8.1015700e-008
  8.6000000e-001  8.0989040e-008
  8.7000000e-001  8.0965480e-008
  8.8000000e-001  8.0943210e-008
  8.9000000e-001  8.0925840e-008
  9.0000000e-001  8.0904830e-008
  9.1000000e-001  8.0885710e-008
  9.2000000e-001  8.0867980e-008
  9.3000000e-001  8.0843910e-008
  9.4000000e-001  8.0826970e-008
  9.5000000e-001  8.0818790e-008
  9.6000000e-001  8.0782930e-008
  9.7000000e-001  8.0761350e-008
  9.8000000e-001  8.0737740e-008
  9.9000000e-001  8.0733390e-008
  1.0000000e+000  8.0694430e-008
  1.0100000e+000  8.0678260e-008
  1.0200000e+000  8.0640320e-008
  1.0300000e+000  8.0629480e-008
  1.0400000e+000  8.0595720e-008
  1.0500000e+000  8.0580160e-008
  1.0600000e+000  8.0537590e-008
  1.0700000e+000  8.0536970e-008
  1.0800000e+000  8.0490780e-008
  1.0900000e+000  8.0465000e-008
  1.1000000e+000  8.0451090e-008
  1.1100000e+000  8.0425030e-008
  1.1200000e+000  8.0376160e-008
  1.1300000e+000  8.0360240e-008
  1.1400000e+000  8.0325300e-008
  1.1500000e+000  8.0306540e-008
  1.1600000e+000  8.0272270e-008
  1.1700000e+000  8.0254710e-008
  1.1800000e+000  8.0211710e-008
  1.1900000e+000  8.0186230e-008
  1.2000000e+000  8.0164300e-008
  1.2100000e+000  8.0128690e-008
  1.2200000e+000  8.0110990e-008
  1.2300000e+000  8.0066700e-008
  1.2400000e+000  8.0046980e-008
  1.2500000e+000  8.0014640e-008
  1.2600000e+000  7.9965320e-008
  1.2700000e+000  7.9952380e-008
  1.2800000e+000  7.9919590e-008
  1.2900000e+000  7.9888510e-008
  1.3000000e+000  7.9853970e-008
  1.3100000e+000  7.9833280e-008
  1.3200000e+000  7.9802450e-008
  1.3300000e+000  7.9760130e-008
  1.3400000e+000  7.9717830e-008
  1.3500000e+000  7.9688800e-008
  1.3600000e+000  7.9644730e-008
  1.3700000e+000  7.9594020e-008
  1.3800000e+000  7.9566880e-008
  1.3900000e+000  7.9538860e-008
  1.4000000e+000  7.9499750e-008
  1.4100000e+000  7.9471040e-008
  1.4200000e+000  7.9445380e-008
  1.4300000e+000  7.9385620e-008
  1.4400000e+000  7.9344320e-008
  1.4500000e+000  7.9310640e-008
  1.4600000e+000  7.9273980e-008
  1.4700000e+000  7.9222060e-008
  1.4800000e+000  7.9184850e-008
  1.4900000e+000  7.9121660e-008
  1.5000000e+000  7.9087780e-008
  1.5100000e+000  7.9048620e-008
  1.5200000e+000  7.9003690e-008
  1.5300000e+000  7.8961880e-008
  1.5400000e+000  7.8891530e-008
  1.5500000e+000  7.8855120e-008
  1.5600000e+000  7.8793910e-008
  1.5700000e+000  7.8741810e-008
  1.5800000e+000  7.8692680e-008
  1.5900000e+000  7.8645880e-008
  1.6000000e+000  7.8589130e-008
  1.6100000e+000  7.8533940e-008
  1.6200000e+000  7.8487990e-008
  1.6300000e+000  7.8438960e-008
  1.6400000e+000  7.8377160e-008
  1.6500000e+000  7.8335990e-008
  1.6600000e+000  7.8283110e-008
  1.6700000e+000  7.8243020e-008
  1.6800000e+000  7.8185470e-008
  1.6900000e+000  7.8106230e-008
  1.7000000e+000  7.8041310e-008
  1.7100000e+000  7.8007420e-008
  1.7200000e+000  7.7958230e-008
  1.7300000e+000  7.7892910e-008
  1.7400000e+000  7.7808570e-008
  1.7500000e+000  7.7766300e-008
  1.7600000e+000  7.7710350e-008
  1.7700000e+000  7.7641690e-008
  1.7800000e+000  7.7593230e-008
  1.7900000e+000  7.7503160e-008
  1.8000000e+000  7.7444480e-008
  1.8100000e+000  7.7389860e-008
  1.8200000e+000  7.7311120e-008
  1.8300000e+000  7.7245360e-008
  1.8400000e+000  7.7180780e-008
  1.8500000e+000  7.7117020e-008
  1.8600000e+000  7.7030080e-008
  1.8700000e+000  7.6946830e-008
  1.8800000e+000  7.6878610e-008
  1.8900000e+000  7.6800350e-008
  1.9000000e+000  7.6719120e-008
  1.9100000e+000  7.6637180e-008
  1.9200000e+000  7.6572860e-008
  1.9300000e+000  7.6466330e-008
  1.9400000e+000  7.6407030e-008
  1.9500000e+000  7.6334160e-008
  1.9600000e+000  7.6234260e-008
  1.9700000e+000  7.6171720e-008
  1.9800000e+000  7.6081380e-008
  1.9900000e+000  7.5986380e-008
  2.0000000e+000  7.5528020e-008
  2.0020000e+000  7.5743670e-008
  2.0040000e+000  7.5816430e-008
  2.0060000e+000  7.5796610e-008
  2.0080000e+000  7.5788490e-008
  2.0100000e+000  7.5781960e-008
  2.0120000e+000  7.5746760e-008
  2.0140000e+000  7.5768360e-008
  2.0160000e+000  7.5748410e-008
  2.0180000e+000  7.5750960e-008
  2.0200000e+000  7.5741420e-008
  2.0220000e+000  7.5704800e-008
  2.0240000e+000  7.5676130e-008
  2.0260000e+000  7.5661840e-008
  2.0280000e+000  7.5645990e-008
  2.0300000e+000  7.5615510e-008
  2.0320000e+000  7.5628930e-008
  2.0340000e+000  7.5619910e-008
  2.0360000e+000  7.5590090e-008
  2.0380000e+000  7.5533780e-008
  2.0400000e+000  7.5544370e-008
  2.0420000e+000  7.5532410e-008
  2.0440000e+000  7.5522730e-008
  2.0460000e+000  7.5491430e-008
  2.0480000e+000  7.5464390e-008
  2.0500000e+000  7.5469050e-008
  2.0520000e+000  7.5457810e-008
  2.0540000e+000  7.5424110e-008
  2.0560000e+000  7.5398780e-008
  2.0580000e+000  7.5393150e-008
  2.0600000e+000  7.5377800e-008
  2.0620000e+000  7.5361300e-008
  2.0640000e+000  7.5320110e-008
  2.0660000e+000  7.5277350e-008
  2.0680000e+000  7.5290010e-008
  2.0700000e+000  7.5258460e-008
  2.0720000e+000  7.5229350e-008
  2.0740000e+000  7.5187450e-008
  2.0760000e+000  7.5184620e-008
  2.0780000e+000  7.5170450e-008
  2.0800000e+000  7.5118190e-008
  2.0820000e+000  7.5098980e-008
  2.0840000e+000  7.5066350e-008
  2.0860000e+000  7.5036290e-008
  2.0880000e+000  7.5026660e-008
  2.0900000e+000  7.5023280e-008
  2.0920000e+000  7.4977220e-008
  2.0940000e+000  7.4954310e-008
  2.0960000e+000  7.4920830e-008
  2.0980000e+000  7.4897020e-008
  2.1000000e+000  7.4870510e-008
  2.1020000e+000  7.4856830e-008
  2.1040000e+000  7.4824920e-008
  2.1060000e+000  7.4801720e-008
  2.1080000e+000  7.4787080e-008
  2.1100000e+000  7.4727060e-008
  2.1120000e+000  7.4735160e-008
  2.1140000e+000  7.4700560e-008
  2.1160000e+000  7.4699830e-008
  2.1180000e+000  7.4658100e-008
  2.1200000e+000  7.4661080e-008
  2.1220000e+000  7.4612300e-008
  2.1240000e+000  7.4580530e-008
  2.1260000e+000  7.4563380e-008
  2.1280000e+000  7.4522450e-008
  2.1300000e+000  7.4507700e-008
  2.1320000e+000  7.4481010e-008
  2.1340000e+000  7.4453790e-008
  2.1360000e+000  7.4439930e-008
  2.1380000e+000  7.4420380e-008
  2.1400000e+000  7.4403880e-008
  2.1420000e+000  7.4372770e-008
  2.1440000e+000  7.4363430e-008
  2.1460000e+000  7.4307560e-008
  2.1480000e+000  7.4299320e-008
  2.1500000e+000  7.4261420e-008
  2.1520000e+000  7.4213070e-008
  2.1540000e+000  7.4204730e-008
  2.1560000e+000  7.4160780e-008
  2.1580000e+000  7.4131480e-008
  2.1600000e+000  7.4116290e-008
  2.1620000e+000  7.4088550e-008
  2.1640000e+000  7.4051930e-008
  2.1660000e+000  7.4018260e-008
  2.1680000e+000  7.4003510e-008
  2.1700000e+000  7.3959420e-008
  2.1720000e+000  7.3942030e-008
  2.1740000e+000  7.3903950e-008
  2.1760000e+000  7.3885900e-008
  2.1780000e+000  7.3848100e-008
  2.1800000e+000  7.3823580e-008
  2.1820000e+000  7.3782320e-008
  2.1840000e+000  7.3757800e-008
  2.1860000e+000  7.3711260e-008
  2.1880000e+000  7.3696820e-008
  2.1900000e+000  7.3637080e-008
  2.1920000e+000  7.3618850e-008
  2.1940000e+000  7.3574630e-008
  2.1960000e+000  7.3534340e-008
  2.1980000e+000  7.3514990e-008
  2.2000000e+000  7.3474450e-008
  2.2020000e+000  7.3443620e-008
  2.2040000e+000  7.3388250e-008
  2.2060000e+000  7.3353870e-008
  2.2080000e+000  7.3299110e-008
  2.2100000e+000  7.3279740e-008
  2.2120000e+000  7.3223280e-008
  2.2140000e+000  7.3184320e-008
  2.2160000e+000  7.3139640e-008
  2.2180000e+000  7.3098670e-008
  2.2200000e+000  7.3035570e-008
  2.2220000e+000  7.3010840e-008
  2.2240000e+000  7.2960190e-008
  2.2260000e+000  7.2929440e-008
  2.2280000e+000  7.2880200e-008
  2.2300000e+000  7.2815720e-008
  2.2320000e+000  7.2773080e-008
  2.2340000e+000  7.2718030e-008
  2.2360000e+000  7.2654090e-008
  2.2380000e+000  7.2604390e-008
  2.2400000e+000  7.2549270e-008
  2.2420000e+000  7.2487050e-008
  2.2440000e+000  7.2420960e-008
  2.2460000e+000  7.2364890e-008
  2.2480000e+000  7.2305780e-008
  2.2500000e+000  7.2214010e-008
  2.2520000e+000  7.2139120e-008
  2.2540000e+000  7.2060960e-008
  2.2560000e+000  7.2002530e-008
  2.2580000e+000  7.1913860e-008
  2.2600000e+000  7.1811290e-008
  2.2620000e+000  7.1726620e-008
  2.2640000e+000  7.1615520e-008
  2.2660000e+000  7.1544950e-008
  2.2680000e+000  7.1435320e-008
  2.2700000e+000  7.1307700e-008
  2.2720000e+000  7.1182900e-008
  2.2740000e+000  7.1071090e-008
  2.2760000e+000  7.0948770e-008
  2.2780000e+000  7.0802290e-008
  2.2800000e+000  7.0649700e-008
  2.2820000e+000  7.0491400e-008
  2.2840000e+000  7.0313650e-008
  2.2860000e+000  7.0170540e-008
  2.2880000e+000  6.9983730e-008
  2.2900000e+000  6.9793200e-008
  2.2920000e+000  6.9588540e-008
  2.2940000e+000  6.9397220e-008
  2.2960000e+000  6.9138300e-008
  2.2980000e+000  6.8921510e-008
  2.3000000e+000  6.8676170e-008
  2.3020000e+000  6.8406680e-008
  2.3040000e+000  6.8128590e-008
  2.3060000e+000  6.7817340e-008
  2.3080000e+000  6.7496590e-008
  2.3100000e+000  6.7170580e-008
  2.3120000e+000  6.6785760e-008
  2.3140000e+000  6.6417830e-008
  2.3160000e+000  6.6011000e-008
  2.3180000e+000  6.5566210e-008
  2.3200000e+000  6.5118330e-008
  2.3220000e+000  6.4616860e-008
  2.3240000e+000  6.4106050e-008
  2.3260000e+000  6.3589770e-008
  2.3280000e+000  6.2956000e-008
  2.3300000e+000  6.2372280e-008
  2.3320000e+000  6.1685440e-008
  2.3340000e+000  6.1029670e-008
  2.3360000e+000  6.0300170e-008
  2.3380000e+000  5.9508760e-008
  2.3400000e+000  5.8650010e-008
  2.3420000e+000  5.7796380e-008
  2.3440000e+000  5.6848840e-008
  2.3460000e+000  5.5874480e-008
  2.3480000e+000  5.4811020e-008
  2.3500000e+000  5.3734240e-008
  2.3520000e+000  5.2557970e-008
  2.3540000e+000  5.1300440e-008
  2.3560000e+000  4.9977730e-008
  2.3580000e+000  4.8617930e-008
  2.3600000e+000  4.7136420e-008
  2.3620000e+000  4.5604040e-008
  2.3640000e+000  4.3964310e-008
  2.3660000e+000  4.2274010e-008
  2.3680000e+000  4.0441230e-008
  2.3700000e+000  3.8511130e-008
  2.3720000e+000  3.6465020e-008
  2.3740000e+000  3.4384880e-008
  2.3760000e+000  3.2123050e-008
  2.3780000e+000  2.9784480e-008
  2.3800000e+000  2.7285230e-008
  2.3820000e+000  2.4738360e-008
  2.3840000e+000  2.1989750e-008
  2.3860000e+000  1.9129350e-008
  2.3880000e+000  1.6094240e-008
  2.3900000e+000  1.3020970e-008
  2.3920000e+000  9.6940060e-009
  2.3940000e+000  6.2605990e-009
  2.3960000e+000  2.6150980e-009
  2.3980000e+000 -1.0808360e-009
  2.4000000e+000 -5.0673150e-009
